00000000000000000000000000000000000000000000000000000000000000000000000000000000
00000000000000000000000000000000000000000000000000000000000000000000000000000000
00110100000110100000110100000110100000110100000110100000110100000110100000000000
00110111000110111000110111000110111000110111000110111000110111000110111000000000
00000000100000000100000000100000000100000000100000000100000000100000000100000000
00110111000110111000110111000110111000110111000110111000110111000110111000000000
00010100000010100000010100000010100000010100000010100000010100000010100000000000
00010100000010100000010100000010100000010100000010100000010100000010100000000000
00001000000001000000001000000001000000001000000001000000001000000001000000000000
00000000000000000000000000000000000000000000000000000000000000000000000000000000
00000000000000000000000000000000000000000000000000000000000000000000000000000000
00110100000110100000110100000110100000110100000110100000110100000110100000000000
00110111000110111000110111000110111000110111000110111000110111000110111000000000
00000000100000000100000000100000000100000000100000000100000000100000000100000000
00110111000110111000110111000110111000110111000110111000110111000110111000000000
00010100000010100000010100000010100000010100000010100000010100000010100000000000
00010100000010100000010100000010100000010100000010100000010100000010100000000000
00001000000001000000001000000001000000001000000001000000001000000001000000000000
00000000000000000000000000000000000000000000000000000000000000000000000000000000
00000000000000000000000000000000000000000000000000000000000000000000000000000000
00000000000000000000000000000000000000000000000000000000000000000000000000000000
00000000000000000000000000000000000000000000000000000000000000000000000000000000
00000000000000000000000000000000000000000000000000000000000000000000000000000000
00000000000000000000000000000000000000000000000000000000000000000000000000000000
00000000000000000000000000000000000000000000000000000000000000000000000000000000

