00000000000000000000000000000000000000000000000000000000000000000000000000000000
00100001000010000100001000010000100001000010000100001000010000100001000010000100
00110001100011000110001100011000110001100011000110001100011000110001100011000110
01100011000110001100011000110001100011000110001100011000110001100011000110001100
00000000000000000000000000000000000000000000000000000000000000000000000000000000
00000000000000000000000000000000000000000000000000000000000000000000000000000000
00100001000010000100001000010000100001000010000100001000010000100001000010000100
00110001100011000110001100011000110001100011000110001100011000110001100011000110
01100011000110001100011000110001100011000110001100011000110001100011000110001100
00000000000000000000000000000000000000000000000000000000000000000000000000000000
00000000000000000000000000000000000000000000000000000000000000000000000000000000
00100001000010000100001000010000100001000010000100001000010000100001000010000100
00110001100011000110001100011000110001100011000110001100011000110001100011000110
01100011000110001100011000110001100011000110001100011000110001100011000110001100
00000000000000000000000000000000000000000000000000000000000000000000000000000000
00000000000000000000000000000000000000000000000000000000000000000000000000000000
00100001000010000100001000010000100001000010000100001000010000100001000010000100
00110001100011000110001100011000110001100011000110001100011000110001100011000110
01100011000110001100011000110001100011000110001100011000110001100011000110001100
00000000000000000000000000000000000000000000000000000000000000000000000000000000
00000000000000000000000000000000000000000000000000000000000000000000000000000000
00100001000010000100001000010000100001000010000100001000010000100001000010000100
00110001100011000110001100011000110001100011000110001100011000110001100011000110
01100011000110001100011000110001100011000110001100011000110001100011000110001100
00000000000000000000000000000000000000000000000000000000000000000000000000000000
