00000000000000000000000000000000000000000000000000000000000000000000000000000000
01110001110001110001110001110001110001110001110001110001110001110001110001110000
00011000011000011000011000011000011000011000011000011000011000011000011000011000
01110001110001110001110001110001110001110001110001110001110001110001110001110000
00000000000000000000000000000000000000000000000000000000000000000000000000000000
00000000000000000000000000000000000000000000000000000000000000000000000000000000
01110001110001110001110001110001110001110001110001110001110001110001110001110000
00011000011000011000011000011000011000011000011000011000011000011000011000011000
01110001110001110001110001110001110001110001110001110001110001110001110001110000
00000000000000000000000000000000000000000000000000000000000000000000000000000000
00000000000000000000000000000000000000000000000000000000000000000000000000000000
01110001110001110001110001110001110001110001110001110001110001110001110001110000
00011000011000011000011000011000011000011000011000011000011000011000011000011000
01110001110001110001110001110001110001110001110001110001110001110001110001110000
00000000000000000000000000000000000000000000000000000000000000000000000000000000
00000000000000000000000000000000000000000000000000000000000000000000000000000000
01110001110001110001110001110001110001110001110001110001110001110001110001110000
00011000011000011000011000011000011000011000011000011000011000011000011000011000
01110001110001110001110001110001110001110001110001110001110001110001110001110000
00000000000000000000000000000000000000000000000000000000000000000000000000000000
00000000000000000000000000000000000000000000000000000000000000000000000000000000
01110001110001110001110001110001110001110001110001110001110001110001110001110000
00011000011000011000011000011000011000011000011000011000011000011000011000011000
01110001110001110001110001110001110001110001110001110001110001110001110001110000
00000000000000000000000000000000000000000000000000000000000000000000000000000000

