00000000000000000000000000000000000000000000000000000000000000000000000000000000
01100110011001100110011001100110011001100110011001100110011001100110011001100110
01100110011001100110011001100110011001100110011001100110011001100110011001100110
00000000000000000000000000000000000000000000000000000000000000000000000000000000
00000000000000000000000000000000000000000000000000000000000000000000000000000000
01100110011001100110011001100110011001100110011001100110011001100110011001100110
01100110011001100110011001100110011001100110011001100110011001100110011001100110
00000000000000000000000000000000000000000000000000000000000000000000000000000000
00000000000000000000000000000000000000000000000000000000000000000000000000000000
01100110011001100110011001100110011001100110011001100110011001100110011001100110
01100110011001100110011001100110011001100110011001100110011001100110011001100110
00000000000000000000000000000000000000000000000000000000000000000000000000000000
00000000000000000000000000000000000000000000000000000000000000000000000000000000
01100110011001100110011001100110011001100110011001100110011001100110011001100110
01100110011001100110011001100110011001100110011001100110011001100110011001100110
00000000000000000000000000000000000000000000000000000000000000000000000000000000
00000000000000000000000000000000000000000000000000000000000000000000000000000000
01100110011001100110011001100110011001100110011001100110011001100110011001100110
01100110011001100110011001100110011001100110011001100110011001100110011001100110
00000000000000000000000000000000000000000000000000000000000000000000000000000000
00000000000000000000000000000000000000000000000000000000000000000000000000000000
01100110011001100110011001100110011001100110011001100110011001100110011001100110
01100110011001100110011001100110011001100110011001100110011001100110011001100110
00000000000000000000000000000000000000000000000000000000000000000000000000000000
00000000000000000000000000000000000000000000000000000000000000000000000000000000
